0	3
0.008	5
0.016	3
0.024	3
0.032	3
0.04	1
0.048	1
0.056	3
0.064	3
0.072	6
0.08	1
0.088	3
0.096	4
0.104	0
0.112	3
0.12	4
0.128	1
0.136	4
0.144	2
0.152	4
0.16	8
0.168	3
0.176	3
0.184	3
0.192	2
0.2	2
0.208	1
0.216	6
0.224	7
0.232	1
0.24	4
0.248	0
0.256	1
0.264	6
0.272	3
0.28	3
0.288	5
0.296	5
0.304	4
0.312	2
0.32	2
0.328	2
0.336	0
0.344	5
0.352	4
0.36	2
0.368	3
0.376	4
0.384	3
0.392	1
0.4	4
0.408	1
0.416	3
0.424	8
0.432	4
0.44	2
0.448	1
0.456	5
0.464	4
0.472	3
0.48	3
0.488	3
0.496	2
0.504	4
0.512	2
0.52	5
0.528	1
0.536	4
0.544	2
0.552	5
0.56	3
0.568	5
0.576	3
0.584	11
0.592	10
0.6	4
0.608	6
0.616	3
0.624	5
0.632	2
0.64	2
0.648	8
0.656	4
0.664	4
0.672	6
0.68	3
0.688	3
0.696	1
0.704	3
0.712	4
0.72	3
0.728	4
0.736	6
0.744	4
0.752	4
0.76	2
0.768	2
0.776	2
0.784	0
0.792	5
0.8	2
0.808	0
0.816	4
0.824	3
0.832	5
0.84	2
0.848	3
0.856	2
0.864	5
0.872	7
0.88	3
0.888	2
0.896	5
0.904	3
0.912	2
0.92	6
0.928	5
0.936	3
0.944	3
0.952	2
0.96	4
0.968	6
0.976	2
0.984	1
0.992	3
1	3
1.008	4
1.016	5
1.024	2
1.032	2
1.04	4
1.048	1
1.056	8
1.064	1
1.072	2
1.08	5
1.088	5
1.096	1
1.104	4
1.112	1
1.12	1
1.128	2
1.136	1
1.144	6
1.152	2
1.16	5
1.168	2
1.176	5
1.184	4
1.192	2
1.2	2
1.208	4
1.216	3
1.224	2
1.232	4
1.24	1
1.248	4
1.256	1
1.264	6
1.272	1
1.28	4
1.288	0
1.296	5
1.304	3
1.312	4
1.32	3
1.328	4
1.336	6
1.344	7
1.352	2
1.36	1
1.368	3
1.376	5
1.384	1
1.392	5
1.4	7
1.408	2
1.416	6
1.424	3
1.432	1
1.44	2
1.448	4
1.456	5
1.464	0
1.472	4
1.48	6
1.488	5
1.496	5
1.504	2
1.512	2
1.52	1
1.528	1
1.536	1
1.544	8
1.552	4
1.56	4
1.568	3
1.576	3
1.584	6
1.592	2
1.6	3
1.608	4
1.616	4
1.624	7
1.632	3
1.64	2
1.648	3
1.656	0
1.664	6
1.672	6
1.68	4
1.688	4
1.696	5
1.704	5
1.712	2
1.72	6
1.728	2
1.736	2
1.744	5
1.752	5
1.76	3
1.768	3
1.776	1
1.784	3
1.792	2
1.8	1
1.808	4
1.816	2
1.824	2
1.832	3
1.84	2
1.848	5
1.856	3
1.864	3
1.872	3
1.88	2
1.888	4
1.896	2
1.904	3
1.912	4
1.92	4
1.928	4
1.936	2
1.944	4
1.952	3
1.96	2
1.968	6
1.976	7
1.984	4
1.992	5
2	2
2.008	2
2.016	3
2.024	1
2.032	4
2.04	2
2.048	7
2.056	4
2.064	0
2.072	4
2.08	4
2.088	4
2.096	1
2.104	6
2.112	1
2.12	2
2.128	4
2.136	1
2.144	3
2.152	4
2.16	4
2.168	4
2.176	3
2.184	3
2.192	2
2.2	1
2.208	4
2.216	5
2.224	2
2.232	4
2.24	3
2.248	3
2.256	5
2.264	1
2.272	4
2.28	0
2.288	5
2.296	2
2.304	2
2.312	3
2.32	2
2.328	2
2.336	4
2.344	2
2.352	5
2.36	3
2.368	4
2.376	2
2.384	3
2.392	2
2.4	0
2.408	3
2.416	3
2.424	3
2.432	2
2.44	7
2.448	9
2.456	4
2.464	2
2.472	4
2.48	3
2.488	5
2.496	4
2.504	0
2.512	3
2.52	1
2.528	3
2.536	3
2.544	6
2.552	1
2.56	1
2.568	6
2.576	4
2.584	2
2.592	7
2.6	2
2.608	4
2.616	2
2.624	2
2.632	2
2.64	3
2.648	6
2.656	2
2.664	5
2.672	2
2.68	6
2.688	1
2.696	3
2.704	3
2.712	4
2.72	4
2.728	3
2.736	2
2.744	3
2.752	4
2.76	2
2.768	1
2.776	1
2.784	3
2.792	3
2.8	3
2.808	6
2.816	4
2.824	6
2.832	4
2.84	3
2.848	2
2.856	5
2.864	3
2.872	2
2.88	6
2.888	3
2.896	4
2.904	2
2.912	3
2.92	1
2.928	2
2.936	8
2.944	4
2.952	0
2.96	7
2.968	1
2.976	1
2.984	10
2.992	4
3	4
3.008	2
3.016	7
3.024	3
3.032	4
3.04	3
3.048	4
3.056	3
3.064	2
3.072	1
3.08	3
3.088	2
3.096	3
3.104	2
3.112	6
3.12	7
3.128	3
3.136	5
3.144	4
3.152	5
3.16	4
3.168	5
3.176	5
3.184	4
3.192	2
3.2	6
3.208	4
3.216	1
3.224	0
3.232	3
3.24	5
3.248	4
3.256	3
3.264	4
3.272	2
3.28	3
3.288	3
3.296	1
3.304	9
3.312	2
3.32	6
3.328	4
3.336	4
3.344	3
3.352	5
3.36	4
3.368	1
3.376	5
3.384	2
3.392	4
3.4	5
3.408	5
3.416	4
3.424	4
3.432	5
3.44	4
3.448	8
3.456	8
3.464	4
3.472	6
3.48	3
3.488	4
3.496	1
3.504	4
3.512	3
3.52	3
3.528	2
3.536	1
3.544	2
3.552	4
3.56	3
3.568	4
3.576	4
3.584	2
3.592	7
3.6	6
3.608	2
3.616	1
3.624	3
3.632	4
3.64	3
3.648	3
3.656	2
3.664	0
3.672	5
3.68	5
3.688	6
3.696	1
3.704	2
3.712	4
3.72	7
3.728	4
3.736	3
3.744	4
3.752	6
3.76	6
3.768	2
3.776	1
3.784	5
3.792	3
3.8	1
3.808	3
3.816	0
3.824	2
3.832	3
3.84	1
3.848	6
3.856	2
3.864	5
3.872	2
3.88	2
3.888	4
3.896	5
3.904	1
3.912	4
3.92	3
3.928	7
3.936	3
3.944	2
3.952	3
3.96	5
3.968	4
3.976	7
3.984	0
3.992	2
4	1
4.008	4
4.016	8
4.024	6
4.032	2
4.04	2
4.048	3
4.056	1
4.064	4
4.072	3
4.08	1
4.088	3
4.096	3
4.104	5
4.112	5
4.12	4
4.128	4
4.136	1
4.144	6
4.152	4
4.16	1
4.168	4
4.176	6
4.184	3
4.192	5
4.2	3
4.208	6
4.216	3
4.224	1
4.232	4
4.24	1
4.248	4
4.256	4
4.264	4
4.272	4
4.28	5
4.288	4
4.296	3
4.304	7
4.312	4
4.32	3
4.328	2
4.336	2
4.344	3
4.352	4
4.36	5
4.368	2
4.376	5
4.384	3
4.392	5
4.4	3
4.408	7
4.416	3
4.424	1
4.432	4
4.44	5
4.448	5
4.456	5
4.464	4
4.472	3
4.48	3
4.488	6
4.496	2
4.504	2
4.512	3
4.52	4
4.528	5
4.536	1
4.544	3
4.552	5
4.56	3
4.568	5
4.576	3
4.584	3
4.592	6
4.6	3
4.608	3
4.616	3
4.624	2
4.632	9
4.64	3
4.648	4
4.656	3
4.664	5
4.672	4
4.68	7
4.688	1
4.696	2
4.704	4
4.712	4
4.72	4
4.728	4
4.736	4
4.744	5
4.752	5
4.76	2
4.768	1
4.776	6
4.784	3
4.792	6
4.8	6
4.808	10
4.816	9
4.824	3
4.832	0
4.84	8
4.848	6
4.856	2
4.864	5
4.872	5
4.88	2
4.888	2
4.896	3
4.904	1
4.912	4
4.92	6
4.928	9
4.936	3
4.944	3
4.952	1
4.96	0
4.968	1
4.976	1
4.984	7
4.992	3
5	2
5.008	3
5.016	3
5.024	2
5.032	6
5.04	2
5.048	5
5.056	5
5.064	7
5.072	9
5.08	2
5.088	7
5.096	4
5.104	3
5.112	4
5.12	5
5.128	3
5.136	6
5.144	5
5.152	2
5.16	2
5.168	7
5.176	6
5.184	5
5.192	6
5.2	4
5.208	5
5.216	4
5.224	8
5.232	4
5.24	4
5.248	3
5.256	3
5.264	2
5.272	5
5.28	4
5.288	3
5.296	2
5.304	3
5.312	5
5.32	2
5.328	2
5.336	1
5.344	6
5.352	4
5.36	4
5.368	2
5.376	3
5.384	5
5.392	4
5.4	5
5.408	3
5.416	7
5.424	3
5.432	1
5.44	3
5.448	3
5.456	5
5.464	2
5.472	2
5.48	3
5.488	4
5.496	7
5.504	2
5.512	3
5.52	3
5.528	6
5.536	2
5.544	5
5.552	1
5.56	4
5.568	1
5.576	6
5.584	2
5.592	4
5.6	3
5.608	5
5.616	4
5.624	4
5.632	3
5.64	2
5.648	3
5.656	2
5.664	5
5.672	4
5.68	5
5.688	5
5.696	7
5.704	1
5.712	3
5.72	2
5.728	3
5.736	4
5.744	1
5.752	2
5.76	3
5.768	3
5.776	2
5.784	3
5.792	2
5.8	5
5.808	2
5.816	5
5.824	3
5.832	6
5.84	4
5.848	2
5.856	2
5.864	5
5.872	4
5.88	4
5.888	3
5.896	4
5.904	5
5.912	3
5.92	5
5.928	4
5.936	6
5.944	4
5.952	3
5.96	2
5.968	1
5.976	5
5.984	2
5.992	3
6	2
6.008	1
6.016	7
6.024	1
6.032	4
6.04	3
6.048	4
6.056	6
6.064	2
6.072	5
6.08	4
6.088	5
6.096	5
6.104	2
6.112	4
6.12	3
6.128	1
6.136	8
6.144	2
6.152	5
6.16	2
6.168	2
6.176	7
6.184	2
6.192	3
6.2	5
6.208	1
6.216	2
6.224	8
6.232	2
6.24	3
6.248	4
6.256	4
6.264	6
6.272	7
6.28	2
6.288	1
6.296	2
6.304	8
6.312	6
6.32	2
6.328	7
6.336	4
6.344	3
6.352	3
6.36	6
6.368	3
6.376	4
6.384	0
6.392	5
6.4	3
6.408	0
6.416	7
6.424	5
6.432	3
6.44	2
6.448	9
6.456	1
6.464	5
6.472	2
6.48	4
6.488	2
6.496	4
6.504	4
6.512	5
6.52	2
6.528	3
6.536	3
6.544	3
6.552	4
6.56	7
6.568	3
6.576	8
6.584	4
6.592	8
6.6	3
6.608	1
6.616	5
6.624	2
6.632	2
6.64	6
6.648	2
6.656	6
6.664	3
6.672	6
6.68	1
6.688	2
6.696	3
6.704	2
6.712	4
6.72	2
6.728	3
6.736	3
6.744	5
6.752	2
6.76	3
6.768	3
6.776	2
6.784	2
6.792	3
6.8	3
6.808	4
6.816	5
6.824	3
6.832	1
6.84	7
6.848	3
6.856	3
6.864	4
6.872	2
6.88	3
6.888	5
6.896	3
6.904	3
6.912	4
6.92	1
6.928	8
6.936	6
6.944	8
6.952	7
6.96	6
6.968	7
6.976	2
6.984	7
6.992	4
7	6
7.008	7
7.016	1
7.024	2
7.032	6
7.04	1
7.048	4
7.056	0
7.064	4
7.072	1
7.08	1
7.088	6
7.096	2
7.104	4
7.112	4
7.12	6
7.128	2
7.136	2
7.144	6
7.152	4
7.16	3
7.168	2
7.176	3
7.184	1
7.192	3
7.2	1
7.208	2
7.216	5
7.224	4
7.232	2
7.24	1
7.248	2
7.256	3
7.264	5
7.272	3
7.28	4
7.288	7
7.296	3
7.304	5
7.312	2
7.32	4
7.328	7
7.336	1
7.344	5
7.352	7
7.36	3
7.368	3
7.376	1
7.384	6
7.392	6
7.4	3
7.408	6
7.416	10
7.424	7
7.432	10
7.44	5
7.448	6
7.456	7
7.464	13
7.472	8
7.48	6
7.488	6
7.496	8
7.504	3
7.512	11
7.52	9
7.528	7
7.536	8
7.544	11
7.552	10
7.56	13
7.568	15
7.576	15
7.584	15
7.592	13
7.6	13
7.608	13
7.616	15
7.624	18
7.632	19
7.64	15
7.648	17
7.656	20
7.664	17
7.672	17
7.68	22
7.688	20
7.696	22
7.704	22
7.712	26
7.72	21
7.728	23
7.736	36
7.744	28
7.752	34
7.76	30
7.768	29
7.776	29
7.784	40
7.792	37
7.8	42
7.808	37
7.816	45
7.824	43
7.832	61
7.84	60
7.848	53
7.856	50
7.864	57
7.872	62
7.88	68
7.888	74
7.896	58
7.904	84
7.912	89
7.92	90
7.928	128
7.936	112
7.944	139
7.952	143
7.96	166
7.968	173
7.976	182
7.984	250
7.992	249
8	302
8.008	346
8.016	349
8.024	386
8.032	480
8.04	573
8.048	651
8.056	724
8.064	828
8.072	912
8.08	1059
8.088	1234
8.096	1427
8.104	1654
8.112	1849
8.12	2164
8.128	2446
8.136	2668
8.144	3074
8.152	3497
8.16	4073
8.168	4597
8.176	5021
8.184	5612
8.192	6712
8.2	7300
8.208	8248
8.216	9270
8.224	10549
8.232	11913
8.24	13441
8.248	14897
8.256	16879
8.264	18863
8.272	21382
8.28	24030
8.288	26613
8.296	29750
8.304	32775
8.312	36531
8.32	39945
8.328	43179
8.336	47008
8.344	51013
8.352	53970
8.36	57251
8.368	60255
8.376	62660
8.384	63942
8.392	65432
8.4	65535
8.408	65289
8.416	64742
8.424	62642
8.432	61495
8.44	58967
8.448	55314
8.456	52266
8.464	49017
8.472	45093
8.48	41768
8.488	38127
8.496	34732
8.504	31593
8.512	28095
8.52	25531
8.528	22708
8.536	20311
8.544	18685
8.552	16327
8.56	14497
8.568	13107
8.576	11472
8.584	10614
8.592	9412
8.6	8577
8.608	7875
8.616	7077
8.624	6386
8.632	6045
8.64	5481
8.648	5175
8.656	4843
8.664	4501
8.672	4286
8.68	4101
8.688	3847
8.696	3651
8.704	3534
8.712	3488
8.72	3431
8.728	3341
8.736	3292
8.744	3183
8.752	3051
8.76	3064
8.768	3017
8.776	2908
8.784	2853
8.792	2881
8.8	2800
8.808	2656
8.816	2622
8.824	2527
8.832	2481
8.84	2394
8.848	2281
8.856	2151
8.864	1966
8.872	2038
8.88	1883
8.888	1760
8.896	1681
8.904	1632
8.912	1483
8.92	1418
8.928	1263
8.936	1256
8.944	1131
8.952	1003
8.96	947
8.968	858
8.976	810
8.984	758
8.992	681
9	618
9.008	615
9.016	581
9.024	523
9.032	482
9.04	452
9.048	412
9.056	438
9.064	360
9.072	345
9.08	350
9.088	325
9.096	312
9.104	291
9.112	261
9.12	261
9.128	234
9.136	225
9.144	197
9.152	220
9.16	207
9.168	177
9.176	179
9.184	156
9.192	152
9.2	158
9.208	137
9.216	133
9.224	136
9.232	139
9.24	150
9.248	123
9.256	108
9.264	104
9.272	102
9.28	108
9.288	108
9.296	94
9.304	76
9.312	83
9.32	83
9.328	91
9.336	66
9.344	77
9.352	65
9.36	67
9.368	56
9.376	48
9.384	51
9.392	43
9.4	59
9.408	36
9.416	35
9.424	56
9.432	33
9.44	31
9.448	28
9.456	33
9.464	40
9.472	34
9.48	28
9.488	35
9.496	22
9.504	30
9.512	30
9.52	21
9.528	20
9.536	30
9.544	21
9.552	24
9.56	19
9.568	20
9.576	19
9.584	25
9.592	24
9.6	26
9.608	24
9.616	15
9.624	24
9.632	28
9.64	30
9.648	24
9.656	28
9.664	26
9.672	28
9.68	16
9.688	16
9.696	23
9.704	23
9.712	25
9.72	21
9.728	23
9.736	30
9.744	33
9.752	24
9.76	28
9.768	25
9.776	29
9.784	26
9.792	25
9.8	23
9.808	20
9.816	21
9.824	33
9.832	28
9.84	27
9.848	33
9.856	21
9.864	35
9.872	27
9.88	19
9.888	32
9.896	18
9.904	25
9.912	21
9.92	23
9.928	27
9.936	13
9.944	15
9.952	19
9.96	20
9.968	18
9.976	25
9.984	26
9.992	21
10	19
10.008	16
10.016	23
10.024	11
10.032	13
10.04	13
10.048	16
10.056	12
10.064	14
10.072	10
10.08	15
10.088	12
10.096	10
10.104	20
10.112	12
10.12	11
10.128	17
10.136	14
10.144	10
10.152	15
10.16	14
10.168	9
10.176	10
10.184	14
10.192	9
10.2	9
10.208	10
10.216	8
10.224	9
10.232	16
10.24	7
10.248	12
10.256	18
10.264	8
10.272	10
10.28	11
10.288	7
10.296	9
10.304	10
10.312	4
10.32	6
10.328	9
10.336	14
10.344	13
10.352	14
10.36	6
10.368	9
10.376	9
10.384	6
10.392	6
10.4	10
10.408	6
10.416	17
10.424	9
10.432	9
10.44	10
10.448	8
10.456	7
10.464	7
10.472	4
10.48	4
10.488	14
10.496	12
10.504	5
10.512	11
10.52	6
10.528	10
10.536	6
10.544	5
10.552	7
10.56	5
10.568	10
10.576	7
10.584	7
10.592	9
10.6	3
10.608	3
10.616	5
10.624	7
10.632	9
10.64	9
10.648	4
10.656	5
10.664	9
10.672	5
10.68	8
10.688	6
10.696	11
10.704	9
10.712	5
10.72	10
10.728	6
10.736	2
10.744	12
10.752	7
10.76	7
10.768	7
10.776	9
10.784	7
10.792	2
10.8	2
10.808	11
10.816	6
10.824	3
10.832	7
10.84	8
10.848	4
10.856	8
10.864	7
10.872	3
10.88	7
10.888	7
10.896	9
10.904	7
10.912	6
10.92	10
10.928	2
10.936	9
10.944	3
10.952	4
10.96	3
10.968	4
10.976	4
10.984	2
10.992	11
11	5
11.008	5
11.016	3
11.024	5
11.032	5
11.04	7
11.048	6
11.056	0
11.064	4
11.072	6
11.08	2
11.088	6
11.096	5
11.104	4
11.112	5
11.12	3
11.128	6
11.136	3
11.144	6
11.152	3
11.16	4
11.168	9
11.176	5
11.184	10
11.192	2
11.2	4
11.208	4
11.216	1
11.224	8
11.232	5
11.24	5
11.248	4
11.256	3
11.264	4
11.272	7
11.28	7
11.288	2
11.296	9
11.304	6
11.312	3
11.32	2
11.328	3
11.336	5
11.344	4
11.352	6
11.36	3
11.368	10
11.376	8
11.384	5
11.392	9
11.4	7
11.408	5
11.416	7
11.424	3
11.432	3
11.44	4
11.448	10
11.456	8
11.464	3
11.472	2
11.48	7
11.488	7
11.496	6
11.504	4
11.512	7
11.52	2
11.528	9
11.536	2
11.544	5
11.552	5
11.56	3
11.568	5
11.576	5
11.584	12
11.592	6
11.6	10
11.608	4
11.616	7
11.624	4
11.632	2
11.64	3
11.648	3
11.656	3
11.664	5
11.672	4
11.68	5
11.688	8
11.696	7
11.704	5
11.712	4
11.72	3
11.728	3
11.736	4
11.744	2
11.752	6
11.76	8
11.768	5
11.776	4
11.784	3
11.792	7
11.8	2
11.808	4
11.816	6
11.824	3
11.832	5
11.84	8
11.848	10
11.856	5
11.864	3
11.872	6
11.88	8
11.888	6
11.896	9
11.904	5
11.912	1
11.92	7
11.928	8
11.936	5
11.944	13
11.952	6
11.96	9
11.968	3
11.976	10
11.984	9
11.992	8
12	10
12.008	6
12.016	5
12.024	9
12.032	7
12.04	11
12.048	7
12.056	6
12.064	6
12.072	7
12.08	6
12.088	5
12.096	8
12.104	7
12.112	4
12.12	14
12.128	8
12.136	6
12.144	4
12.152	10
12.16	7
12.168	4
12.176	5
12.184	10
12.192	5
12.2	10
12.208	9
12.216	4
12.224	6
12.232	1
12.24	7
12.248	2
12.256	13
12.264	3
12.272	3
12.28	2
12.288	6
12.296	2
12.304	8
12.312	4
12.32	6
12.328	2
12.336	3
12.344	4
12.352	4
12.36	3
12.368	4
12.376	6
12.384	6
12.392	4
12.4	6
12.408	3
12.416	3
12.424	10
12.432	9
12.44	3
12.448	3
12.456	8
12.464	3
12.472	9
12.48	6
12.488	8
12.496	8
12.504	4
12.512	7
12.52	5
12.528	6
12.536	7
12.544	3
12.552	3
12.56	6
12.568	7
12.576	4
12.584	7
12.592	5
12.6	4
12.608	2
12.616	3
12.624	6
12.632	8
12.64	3
12.648	7
12.656	4
12.664	7
12.672	6
12.68	5
12.688	3
12.696	6
12.704	3
12.712	5
12.72	3
12.728	9
12.736	4
12.744	4
12.752	0
12.76	5
12.768	5
12.776	6
12.784	4
12.792	5
12.8	3
12.808	9
12.816	5
12.824	4
12.832	3
12.84	5
12.848	7
12.856	6
12.864	3
12.872	6
12.88	5
12.888	1
12.896	4
12.904	3
12.912	7
12.92	5
12.928	8
12.936	3
12.944	5
12.952	2
12.96	3
12.968	6
12.976	4
12.984	5
12.992	5
13	2
13.008	3
13.016	8
13.024	3
13.032	3
13.04	6
13.048	5
13.056	4
13.064	5
13.072	8
13.08	3
13.088	3
13.096	5
13.104	6
13.112	5
13.12	5
13.128	3
13.136	8
13.144	4
13.152	2
13.16	2
13.168	7
13.176	5
13.184	1
13.192	5
13.2	5
13.208	5
13.216	5
13.224	3
13.232	7
13.24	8
13.248	3
13.256	4
13.264	10
13.272	6
13.28	3
13.288	9
13.296	3
13.304	3
13.312	3
13.32	5
13.328	5
13.336	4
13.344	8
13.352	4
13.36	2
13.368	8
13.376	6
13.384	4
13.392	5
13.4	4
13.408	5
13.416	5
13.424	5
13.432	5
13.44	7
13.448	3
13.456	9
13.464	5
13.472	6
13.48	4
13.488	3
13.496	5
13.504	3
13.512	7
13.52	7
13.528	5
13.536	7
13.544	8
13.552	2
13.56	8
13.568	12
13.576	5
13.584	12
13.592	9
13.6	9
13.608	8
13.616	8
13.624	3
13.632	5
13.64	4
13.648	7
13.656	4
13.664	8
13.672	8
13.68	6
13.688	4
13.696	2
13.704	5
13.712	4
13.72	4
13.728	4
13.736	2
13.744	12
13.752	2
13.76	6
13.768	2
13.776	6
13.784	6
13.792	6
13.8	6
13.808	3
13.816	5
13.824	1
13.832	8
13.84	1
13.848	6
13.856	5
13.864	3
13.872	4
13.88	6
13.888	4
13.896	4
13.904	7
13.912	3
13.92	2
13.928	1
13.936	1
13.944	5
13.952	4
13.96	5
13.968	2
13.976	4
13.984	6
13.992	6
14	4
14.008	6
14.016	1
14.024	3
14.032	6
14.04	3
14.048	4
14.056	5
14.064	5
14.072	3
14.08	10
14.088	7
14.096	5
14.104	3
14.112	4
14.12	4
14.128	5
14.136	5
14.144	5
14.152	4
14.16	2
14.168	4
14.176	7
14.184	3
14.192	7
14.2	5
14.208	7
14.216	2
14.224	3
14.232	2
14.24	5
14.248	7
14.256	4
14.264	3
14.272	6
14.28	5
14.288	3
14.296	6
14.304	2
14.312	2
14.32	3
14.328	10
14.336	4
14.344	3
14.352	8
14.36	4
14.368	2
14.376	2
14.384	2
14.392	3
14.4	3
14.408	6
14.416	1
14.424	7
14.432	4
14.44	5
14.448	5
14.456	2
14.464	5
14.472	2
14.48	2
14.488	3
14.496	5
14.504	4
14.512	6
14.52	4
14.528	5
14.536	2
14.544	5
14.552	3
14.56	3
14.568	2
14.576	7
14.584	3
14.592	7
14.6	7
14.608	4
14.616	4
14.624	9
14.632	4
14.64	5
14.648	3
14.656	4
14.664	6
14.672	5
14.68	2
14.688	6
14.696	4
14.704	6
14.712	4
14.72	6
14.728	6
14.736	4
14.744	1
14.752	9
14.76	1
14.768	2
14.776	4
14.784	3
14.792	3
14.8	6
14.808	4
14.816	8
14.824	6
14.832	5
14.84	7
14.848	2
14.856	3
14.864	3
14.872	4
14.88	8
14.888	6
14.896	3
14.904	3
14.912	4
14.92	6
14.928	4
14.936	4
14.944	6
14.952	7
14.96	4
14.968	7
14.976	4
14.984	5
14.992	6
15	4
15.008	3
15.016	4
15.024	6
15.032	4
15.04	3
15.048	4
15.056	6
15.064	4
15.072	2
15.08	8
15.088	5
15.096	5
15.104	6
15.112	3
15.12	3
15.128	6
15.136	3
15.144	5
15.152	2
15.16	2
15.168	2
15.176	5
15.184	2
15.192	5
15.2	5
15.208	3
15.216	4
15.224	5
15.232	3
15.24	4
15.248	2
15.256	2
15.264	8
15.272	6
15.28	2
15.288	2
15.296	6
15.304	6
15.312	3
15.32	2
15.328	6
15.336	9
15.344	3
15.352	4
15.36	6
15.368	8
15.376	7
15.384	3
15.392	3
15.4	2
15.408	2
15.416	3
15.424	1
15.432	4
15.44	2
15.448	3
15.456	3
15.464	2
15.472	4
15.48	3
15.488	2
15.496	3
15.504	6
15.512	2
15.52	4
15.528	3
15.536	5
15.544	2
15.552	8
15.56	4
15.568	5
15.576	6
15.584	4
15.592	5
15.6	3
15.608	6
15.616	3
15.624	1
15.632	2
15.64	4
15.648	3
15.656	3
15.664	4
15.672	3
15.68	6
15.688	5
15.696	2
15.704	4
15.712	4
15.72	3
15.728	2
15.736	0
15.744	4
15.752	4
15.76	5
15.768	3
15.776	4
15.784	3
15.792	0
15.8	6
15.808	5
15.816	4
15.824	4
15.832	3
15.84	3
15.848	6
15.856	3
15.864	6
15.872	2
15.88	4
15.888	3
15.896	3
15.904	4
15.912	5
15.92	2
15.928	2
15.936	4
15.944	0
15.952	3
15.96	2
15.968	6
15.976	10
15.984	6
15.992	2
16	4
16.008	4
16.016	2
16.024	5
16.032	3
16.04	4
16.048	2
16.056	3
16.064	3
16.072	4
16.08	5
16.088	3
16.096	5
16.104	6
16.112	4
16.12	2
16.128	4
16.136	11
16.144	3
16.152	3
16.16	5
16.168	2
16.176	3
16.184	2
16.192	2
16.2	1
16.208	6
16.216	4
16.224	9
16.232	0
16.24	4
16.248	4
16.256	4
16.264	3
16.272	4
16.28	3
16.288	3
16.296	2
16.304	5
16.312	8
16.32	3
16.328	4
16.336	3
16.344	4
16.352	3
16.36	5
16.368	3
16.376	6
16.384	3
16.392	2
16.4	8
16.408	2
16.416	5
16.424	6
16.432	4
16.44	2
16.448	8
16.456	5
16.464	6
16.472	3
16.48	3
16.488	5
16.496	5
16.504	6
16.512	6
16.52	6
16.528	5
16.536	8
16.544	4
16.552	2
16.56	3
16.568	4
16.576	2
16.584	5
16.592	3
16.6	4
16.608	1
16.616	5
16.624	3
16.632	4
16.64	1
16.648	5
16.656	1
16.664	1
16.672	3
16.68	1
16.688	6
16.696	3
16.704	3
16.712	2
16.72	5
16.728	5
16.736	3
16.744	6
16.752	5
16.76	2
16.768	6
16.776	2
16.784	2
16.792	3
16.8	2
16.808	4
16.816	4
16.824	4
16.832	4
16.84	3
16.848	1
16.856	3
16.864	4
16.872	3
16.88	5
16.888	4
16.896	2
16.904	2
16.912	6
16.92	6
16.928	6
16.936	5
16.944	3
16.952	4
16.96	6
16.968	1
16.976	4
16.984	8
16.992	2
17	5
17.008	2
17.016	6
17.024	3
17.032	5
17.04	6
17.048	7
17.056	1
17.064	5
17.072	4
17.08	3
17.088	2
17.096	3
17.104	4
17.112	5
17.12	3
17.128	5
17.136	5
17.144	4
17.152	1
17.16	7
17.168	4
17.176	4
17.184	8
17.192	1
17.2	3
17.208	5
17.216	3
17.224	5
17.232	4
17.24	5
17.248	3
17.256	4
17.264	5
17.272	4
17.28	5
17.288	5
17.296	6
17.304	5
17.312	3
17.32	4
17.328	5
17.336	2
17.344	1
17.352	1
17.36	1
17.368	2
17.376	5
17.384	3
17.392	1
17.4	2
17.408	4
17.416	2
17.424	2
17.432	9
17.44	5
17.448	5
17.456	7
17.464	7
17.472	3
17.48	5
17.488	4
17.496	2
17.504	2
17.512	5
17.52	5
17.528	3
17.536	3
17.544	1
17.552	6
17.56	3
17.568	0
17.576	1
17.584	6
17.592	3
17.6	3
17.608	5
17.616	3
17.624	6
17.632	2
17.64	3
17.648	7
17.656	4
17.664	6
17.672	2
17.68	0
17.688	3
17.696	7
17.704	5
17.712	1
17.72	2
17.728	4
17.736	7
17.744	2
17.752	1
17.76	1
17.768	2
17.776	1
17.784	2
17.792	0
17.8	4
17.808	4
17.816	5
17.824	3
17.832	1
17.84	5
17.848	6
17.856	4
17.864	1
17.872	3
17.88	3
17.888	2
17.896	4
17.904	4
17.912	6
17.92	4
17.928	0
17.936	1
17.944	8
17.952	1
17.96	8
17.968	3
17.976	5
17.984	7
17.992	4
18	3
18.008	2
18.016	6
18.024	3
18.032	2
18.04	5
18.048	3
18.056	3
18.064	3
18.072	2
18.08	2
18.088	4
18.096	6
18.104	3
18.112	5
18.12	2
18.128	7
18.136	4
18.144	3
18.152	3
18.16	2
18.168	2
18.176	4
18.184	4
18.192	5
18.2	4
18.208	2
18.216	5
18.224	4
18.232	4
18.24	4
18.248	0
18.256	1
18.264	4
18.272	5
18.28	6
18.288	5
18.296	5
18.304	3
18.312	3
18.32	4
18.328	3
18.336	3
18.344	3
18.352	1
18.36	1
18.368	7
18.376	5
18.384	3
18.392	5
18.4	3
18.408	7
18.416	5
18.424	2
18.432	5
18.44	3
18.448	7
18.456	9
18.464	5
18.472	3
18.48	2
18.488	5
18.496	3
18.504	3
18.512	2
18.52	1
18.528	4
18.536	3
18.544	2
18.552	5
18.56	6
18.568	4
18.576	4
18.584	2
18.592	1
18.6	2
18.608	4
18.616	4
18.624	6
18.632	5
18.64	2
18.648	1
18.656	5
18.664	4
18.672	3
18.68	3
18.688	6
18.696	3
18.704	3
18.712	8
18.72	3
18.728	4
18.736	3
18.744	3
18.752	8
18.76	4
18.768	4
18.776	4
18.784	5
18.792	6
18.8	14
18.808	0
18.816	3
18.824	3
18.832	5
18.84	5
18.848	1
18.856	2
18.864	4
18.872	5
18.88	10
18.888	3
18.896	3
18.904	3
18.912	4
18.92	4
18.928	9
18.936	5
18.944	4
18.952	3
18.96	4
18.968	5
18.976	4
18.984	4
18.992	3
19	4
19.008	5
19.016	4
19.024	7
19.032	3
19.04	4
19.048	1
19.056	4
19.064	4
19.072	3
19.08	3
19.088	5
19.096	4
19.104	7
19.112	4
19.12	7
19.128	2
19.136	6
19.144	4
19.152	8
19.16	3
19.168	5
19.176	2
19.184	3
19.192	4
19.2	2
19.208	4
19.216	5
19.224	3
19.232	4
19.24	7
19.248	3
19.256	6
19.264	4
19.272	2
19.28	4
19.288	3
19.296	3
19.304	8
19.312	5
19.32	4
19.328	3
19.336	3
19.344	9
19.352	7
19.36	4
19.368	7
19.376	5
19.384	3
19.392	5
19.4	6
19.408	2
19.416	5
19.424	4
19.432	8
19.44	4
19.448	10
19.456	2
19.464	1
19.472	5
19.48	0
19.488	4
19.496	6
19.504	3
19.512	3
19.52	3
19.528	8
19.536	3
19.544	2
19.552	5
19.56	3
19.568	4
19.576	4
19.584	6
19.592	6
19.6	3
19.608	7
19.616	6
19.624	4
19.632	1
19.64	4
19.648	3
19.656	4
19.664	6
19.672	9
19.68	3
19.688	6
19.696	2
19.704	2
19.712	7
19.72	2
19.728	6
19.736	5
19.744	1
19.752	4
19.76	2
19.768	5
19.776	2
19.784	2
19.792	4
19.8	5
19.808	10
19.816	5
19.824	5
19.832	5
19.84	3
19.848	5
19.856	2
19.864	3
19.872	4
19.88	3
19.888	5
19.896	4
19.904	5
19.912	5
19.92	6
19.928	6
19.936	7
19.944	5
19.952	4
19.96	3
19.968	5
19.976	4
19.984	4
19.992	5
20	5
20.008	3
20.016	3
20.024	6
20.032	2
20.04	3
20.048	3
20.056	4
20.064	3
20.072	1
20.08	7
20.088	7
20.096	3
20.104	2
20.112	1
20.12	1
20.128	2
20.136	0
20.144	5
20.152	1
20.16	3
20.168	4
20.176	4
20.184	2
20.192	2
20.2	4
20.208	6
20.216	6
20.224	2
20.232	2
20.24	4
20.248	3
20.256	5
20.264	5
20.272	6
20.28	3
20.288	1
20.296	5
20.304	2
20.312	4
20.32	5
20.328	5
20.336	3
20.344	3
20.352	7
20.36	3
20.368	2
20.376	1
20.384	3
20.392	6
20.4	2
20.408	2
20.416	4
20.424	3
20.432	3
20.44	5
20.448	3
20.456	7
20.464	4
20.472	6
20.48	3
20.488	5
20.496	2
20.504	1
20.512	2
20.52	2
20.528	5
20.536	2
20.544	6
20.552	5
20.56	2
20.568	7
20.576	1
20.584	3
20.592	2
20.6	7
20.608	7
20.616	3
20.624	3
20.632	2
20.64	1
20.648	2
20.656	6
20.664	2
20.672	3
20.68	4
20.688	3
20.696	4
20.704	4
20.712	2
20.72	2
20.728	3
20.736	6
20.744	2
20.752	5
20.76	1
20.768	5
20.776	1
20.784	5
20.792	4
20.8	5
20.808	3
20.816	4
20.824	3
20.832	1
20.84	4
20.848	4
20.856	2
20.864	4
20.872	3
20.88	3
20.888	4
20.896	3
20.904	3
20.912	2
20.92	0
20.928	3
20.936	7
20.944	8
20.952	7
20.96	3
20.968	2
20.976	4
20.984	2
20.992	3
21	5
21.008	1
21.016	3
21.024	6
21.032	3
21.04	5
21.048	5
21.056	6
21.064	4
21.072	4
21.08	2
21.088	3
21.096	5
21.104	3
21.112	2
21.12	4
21.128	4
21.136	4
21.144	3
21.152	5
21.16	5
21.168	0
21.176	5
21.184	4
21.192	4
21.2	4
21.208	5
21.216	3
21.224	4
21.232	3
21.24	5
21.248	6
21.256	2
21.264	4
21.272	5
21.28	0
21.288	1
21.296	5
21.304	3
21.312	0
21.32	3
21.328	4
21.336	3
21.344	2
21.352	5
21.36	1
21.368	1
21.376	3
21.384	3
21.392	4
21.4	4
21.408	3
21.416	4
21.424	4
21.432	6
21.44	2
21.448	4
21.456	1
21.464	1
21.472	3
21.48	3
21.488	1
21.496	4
21.504	0
21.512	4
21.52	1
21.528	3
21.536	4
21.544	2
21.552	3
21.56	3
21.568	4
21.576	0
21.584	5
21.592	3
21.6	3
21.608	2
21.616	4
21.624	3
21.632	2
21.64	5
21.648	2
21.656	3
21.664	4
21.672	3
21.68	4
21.688	2
21.696	4
21.704	7
21.712	6
21.72	4
21.728	1
21.736	4
21.744	1
21.752	3
21.76	5
21.768	8
21.776	2
21.784	2
21.792	4
21.8	4
21.808	1
21.816	6
21.824	2
21.832	3
21.84	2
21.848	4
21.856	1
21.864	9
21.872	5
21.88	1
21.888	7
21.896	2
21.904	6
21.912	0
21.92	1
21.928	1
21.936	4
21.944	0
21.952	2
21.96	8
21.968	5
21.976	2
21.984	1
21.992	7
22	3
22.008	0
22.016	3
22.024	2
22.032	7
22.04	1
22.048	4
22.056	4
22.064	1
22.072	4
22.08	7
22.088	3
22.096	2
22.104	5
22.112	3
22.12	4
22.128	3
22.136	3
22.144	2
22.152	3
22.16	6
22.168	7
22.176	5
22.184	7
22.192	0
22.2	1
22.208	5
22.216	7
22.224	2
22.232	4
22.24	3
22.248	0
22.256	3
22.264	4
22.272	1
22.28	5
22.288	5
22.296	3
22.304	2
22.312	6
22.32	3
22.328	7
22.336	2
22.344	1
22.352	2
22.36	3
22.368	9
22.376	3
22.384	2
22.392	9
22.4	4
22.408	7
22.416	2
22.424	5
22.432	1
22.44	1
22.448	0
22.456	3
22.464	7
22.472	1
22.48	2
22.488	2
22.496	7
22.504	1
22.512	2
22.52	5
22.528	2
22.536	3
22.544	2
22.552	2
22.56	3
22.568	6
22.576	3
22.584	5
22.592	2
22.6	6
22.608	4
22.616	2
22.624	1
22.632	3
22.64	1
22.648	4
22.656	8
22.664	1
22.672	4
22.68	4
22.688	0
22.696	3
22.704	6
22.712	4
22.72	3
22.728	4
22.736	4
22.744	3
22.752	2
22.76	5
22.768	3
22.776	3
22.784	3
22.792	4
22.8	4
22.808	1
22.816	8
22.824	3
22.832	5
22.84	3
22.848	1
22.856	4
22.864	5
22.872	6
22.88	1
22.888	1
22.896	2
22.904	5
22.912	4
22.92	2
22.928	2
22.936	1
22.944	4
22.952	0
22.96	4
22.968	2
22.976	1
22.984	5
22.992	3
23	5
23.008	4
23.016	6
23.024	6
23.032	6
23.04	5
23.048	2
23.056	4
23.064	2
23.072	5
23.08	7
23.088	4
23.096	1
23.104	5
23.112	4
23.12	3
23.128	4
23.136	9
23.144	6
23.152	4
23.16	3
23.168	3
23.176	5
23.184	3
23.192	5
23.2	3
23.208	9
23.216	3
23.224	3
23.232	4
23.24	2
23.248	6
23.256	4
23.264	0
23.272	3
23.28	4
23.288	2
23.296	3
23.304	4
23.312	2
23.32	6
23.328	0
23.336	3
23.344	6
23.352	6
23.36	5
23.368	4
23.376	5
23.384	1
23.392	2
23.4	4
23.408	4
23.416	9
23.424	1
23.432	6
23.44	4
23.448	3
23.456	7
23.464	6
23.472	3
23.48	9
23.488	2
23.496	2
23.504	4
23.512	1
23.52	2
23.528	3
23.536	6
23.544	4
23.552	3
23.56	10
23.568	1
23.576	2
23.584	4
23.592	9
23.6	4
23.608	4
23.616	6
23.624	5
23.632	2
23.64	2
23.648	4
23.656	5
23.664	3
23.672	1
23.68	5
23.688	6
23.696	5
23.704	3
23.712	2
23.72	1
23.728	3
23.736	3
23.744	2
23.752	2
23.76	2
23.768	2
23.776	4
23.784	4
23.792	2
23.8	4
23.808	3
23.816	5
23.824	2
23.832	1
23.84	5
23.848	4
23.856	1
23.864	4
23.872	4
23.88	4
23.888	7
23.896	1
23.904	2
23.912	0
23.92	2
23.928	0
23.936	7
23.944	5
23.952	2
23.96	4
23.968	0
23.976	4
23.984	4
23.992	4
24	3
24.008	4
24.016	3
24.024	7
24.032	2
24.04	2
24.048	0
24.056	2
24.064	5
24.072	2
24.08	8
24.088	0
24.096	4
24.104	5
24.112	2
24.12	3
24.128	2
24.136	1
24.144	3
24.152	2
24.16	8
24.168	1
24.176	0
24.184	5
24.192	4
24.2	3
24.208	3
24.216	3
24.224	2
24.232	2
24.24	1
24.248	1
24.256	4
24.264	1
24.272	4
24.28	3
24.288	5
24.296	5
24.304	3
24.312	5
24.32	5
24.328	3
24.336	3
24.344	3
24.352	7
24.36	3
24.368	2
24.376	1
24.384	4
24.392	5
24.4	2
24.408	5
24.416	6
24.424	5
24.432	6
24.44	2
24.448	5
24.456	4
24.464	5
24.472	2
24.48	5
24.488	3
24.496	2
24.504	4
24.512	3
24.52	3
24.528	5
24.536	5
24.544	4
24.552	0
24.56	3
24.568	2
24.576	2
24.584	3
24.592	3
24.6	2
24.608	6
24.616	3
24.624	4
24.632	2
24.64	4
24.648	6
24.656	2
24.664	3
24.672	4
24.68	4
24.688	4
24.696	9
24.704	4
24.712	1
24.72	5
24.728	2
24.736	6
24.744	5
24.752	6
24.76	6
24.768	6
24.776	9
24.784	3
24.792	4
24.8	2
24.808	2
24.816	3
24.824	5
24.832	2
24.84	2
24.848	2
24.856	3
24.864	2
24.872	1
24.88	1
24.888	2
24.896	1
24.904	2
24.912	4
24.92	3
24.928	4
24.936	3
24.944	3
24.952	4
24.96	2
24.968	3
24.976	7
24.984	4
24.992	3
25	4
25.008	2
25.016	3
25.024	4
25.032	5
25.04	8
25.048	5
25.056	3
25.064	5
25.072	3
25.08	7
25.088	6
25.096	6
25.104	4
25.112	5
25.12	3
25.128	2
25.136	3
25.144	6
25.152	2
25.16	5
25.168	2
25.176	6
25.184	2
25.192	7
25.2	5
25.208	4
25.216	8
25.224	1
25.232	3
25.24	3
25.248	5
25.256	6
25.264	4
25.272	4
25.28	6
25.288	1
25.296	5
25.304	3
25.312	3
25.32	5
25.328	1
25.336	1
25.344	1
25.352	2
25.36	3
25.368	4
25.376	3
25.384	2
25.392	2
25.4	3
25.408	1
25.416	2
25.424	5
25.432	5
25.44	7
25.448	1
25.456	2
25.464	1
25.472	7
25.48	3
25.488	7
25.496	3
25.504	5
25.512	2
25.52	6
25.528	2
25.536	2
25.544	1
25.552	1
25.56	3
25.568	3
25.576	1
25.584	6
25.592	4
25.6	1
25.608	1
25.616	1
25.624	7
25.632	8
25.64	1
25.648	6
25.656	3
25.664	2
25.672	3
25.68	2
25.688	2
25.696	6
25.704	2
25.712	2
25.72	3
25.728	10
25.736	1
25.744	2
25.752	5
25.76	5
25.768	4
25.776	6
25.784	2
25.792	9
25.8	1
25.808	3
25.816	6
25.824	4
25.832	3
25.84	3
25.848	2
25.856	3
25.864	4
25.872	2
25.88	2
25.888	3
25.896	4
25.904	4
25.912	1
25.92	3
25.928	1
25.936	1
25.944	0
25.952	2
25.96	7
25.968	7
25.976	2
25.984	1
25.992	5
26	3
26.008	5
26.016	2
26.024	4
26.032	5
26.04	3
26.048	3
26.056	3
26.064	2
26.072	6
26.08	3
26.088	6
26.096	4
26.104	5
26.112	7
26.12	2
26.128	2
26.136	4
26.144	6
26.152	5
26.16	2
26.168	2
26.176	4
26.184	1
26.192	2
26.2	4
26.208	5
26.216	2
26.224	4
26.232	1
26.24	2
26.248	4
26.256	5
26.264	3
26.272	5
26.28	3
26.288	5
26.296	2
26.304	2
26.312	3
26.32	1
26.328	6
26.336	4
26.344	3
26.352	6
26.36	0
26.368	2
26.376	4
26.384	5
26.392	5
26.4	3
26.408	4
26.416	6
26.424	2
26.432	5
26.44	1
26.448	5
26.456	4
26.464	6
26.472	4
26.48	7
26.488	2
26.496	3
26.504	4
26.512	2
26.52	3
26.528	3
26.536	2
26.544	1
26.552	3
26.56	4
26.568	2
26.576	1
26.584	7
26.592	2
26.6	2
26.608	4
26.616	4
26.624	3
26.632	7
26.64	3
26.648	3
26.656	4
26.664	2
26.672	3
26.68	3
26.688	0
26.696	8
26.704	0
26.712	2
26.72	2
26.728	1
26.736	1
26.744	5
26.752	2
26.76	5
26.768	8
26.776	6
26.784	3
26.792	5
26.8	2
26.808	3
26.816	4
26.824	3
26.832	4
26.84	4
26.848	7
26.856	3
26.864	1
26.872	0
26.88	8
26.888	4
26.896	5
26.904	3
26.912	3
26.92	3
26.928	6
26.936	4
26.944	2
26.952	1
26.96	1
26.968	6
26.976	3
26.984	3
26.992	3
27	3
27.008	4
27.016	4
27.024	2
27.032	2
27.04	3
27.048	0
27.056	4
27.064	4
27.072	3
27.08	2
27.088	3
27.096	4
27.104	3
27.112	2
27.12	5
27.128	2
27.136	1
27.144	5
27.152	1
27.16	2
27.168	6
27.176	6
27.184	4
27.192	2
27.2	9
27.208	4
27.216	3
27.224	3
27.232	0
27.24	3
27.248	5
27.256	1
27.264	3
27.272	4
27.28	5
27.288	2
27.296	3
27.304	3
27.312	7
27.32	8
27.328	3
27.336	3
27.344	6
27.352	3
27.36	3
27.368	3
27.376	5
27.384	4
27.392	2
27.4	5
27.408	3
27.416	1
27.424	6
27.432	4
27.44	0
27.448	3
27.456	6
27.464	4
27.472	2
27.48	4
27.488	0
27.496	0
27.504	3
27.512	2
27.52	2
27.528	5
27.536	9
27.544	6
27.552	2
27.56	2
27.568	4
27.576	1
27.584	1
27.592	4
27.6	6
27.608	5
27.616	6
27.624	3
27.632	1
27.64	4
27.648	3
27.656	2
27.664	7
27.672	1
27.68	2
27.688	1
27.696	1
27.704	2
27.712	4
27.72	2
27.728	2
27.736	4
27.744	6
27.752	6
27.76	2
27.768	2
27.776	3
27.784	6
27.792	8
27.8	2
27.808	3
27.816	5
27.824	6
27.832	2
27.84	3
27.848	4
27.856	6
27.864	3
27.872	3
27.88	3
27.888	5
27.896	2
27.904	2
27.912	6
27.92	5
27.928	3
27.936	4
27.944	2
27.952	2
27.96	4
27.968	0
27.976	6
27.984	4
27.992	4
28	6
28.008	3
28.016	3
28.024	0
28.032	6
28.04	5
28.048	2
28.056	1
28.064	1
28.072	5
28.08	0
28.088	2
28.096	3
28.104	4
28.112	5
28.12	5
28.128	6
28.136	3
28.144	2
28.152	2
28.16	6
28.168	2
28.176	5
28.184	3
28.192	3
28.2	4
28.208	2
28.216	1
28.224	4
28.232	6
28.24	3
28.248	3
28.256	1
28.264	2
28.272	0
28.28	4
28.288	6
28.296	2
28.304	0
28.312	4
28.32	0
28.328	2
28.336	3
28.344	3
28.352	8
28.36	1
28.368	0
28.376	2
28.384	4
28.392	2
28.4	0
28.408	4
28.416	1
28.424	1
28.432	5
28.44	3
28.448	4
28.456	7
28.464	2
28.472	2
28.48	5
28.488	1
28.496	2
28.504	3
28.512	2
28.52	2
28.528	5
28.536	3
28.544	3
28.552	2
28.56	7
28.568	2
28.576	4
28.584	2
28.592	5
28.6	2
28.608	3
28.616	3
28.624	6
28.632	1
28.64	4
28.648	3
28.656	7
28.664	2
28.672	1
28.68	3
28.688	6
28.696	1
28.704	5
28.712	1
28.72	5
28.728	5
28.736	2
28.744	3
28.752	2
28.76	1
28.768	2
28.776	4
28.784	5
28.792	2
28.8	2
28.808	4
28.816	2
28.824	4
28.832	1
28.84	3
28.848	2
28.856	1
28.864	2
28.872	3
28.88	4
28.888	4
28.896	3
28.904	4
28.912	5
28.92	4
28.928	6
28.936	2
28.944	4
28.952	3
28.96	6
28.968	5
28.976	3
28.984	2
28.992	2
29	3
29.008	5
29.016	3
29.024	2
29.032	11
29.04	6
29.048	4
29.056	4
29.064	5
29.072	2
29.08	3
29.088	2
29.096	3
29.104	2
29.112	5
29.12	4
29.128	5
29.136	6
29.144	1
29.152	3
29.16	6
29.168	3
29.176	4
29.184	2
29.192	5
29.2	4
29.208	1
29.216	6
29.224	0
29.232	6
29.24	2
29.248	3
29.256	3
29.264	5
29.272	2
29.28	4
29.288	3
29.296	2
29.304	6
29.312	2
29.32	2
29.328	2
29.336	0
29.344	6
29.352	2
29.36	6
29.368	3
29.376	0
29.384	2
29.392	5
29.4	5
29.408	6
29.416	3
29.424	4
29.432	8
29.44	2
29.448	3
29.456	2
29.464	7
29.472	5
29.48	3
29.488	5
29.496	1
29.504	3
29.512	2
29.52	5
29.528	1
29.536	8
29.544	4
29.552	2
29.56	3
29.568	4
29.576	0
29.584	4
29.592	2
29.6	6
29.608	8
29.616	2
29.624	4
29.632	2
29.64	4
29.648	1
29.656	3
29.664	2
29.672	4
29.68	3
29.688	9
29.696	4
29.704	6
29.712	4
29.72	5
29.728	3
29.736	1
29.744	5
29.752	4
29.76	5
29.768	4
29.776	8
29.784	4
29.792	1
29.8	5
29.808	4
29.816	4
29.824	5
29.832	5
29.84	4
29.848	5
29.856	1
29.864	3
29.872	1
29.88	4
29.888	5
29.896	6
29.904	6
29.912	5
29.92	5
29.928	2
29.936	4
29.944	4
29.952	0
29.96	4
29.968	2
29.976	3
29.984	4
29.992	1
30	3
30.008	3
30.016	8
30.024	2
30.032	0
30.04	2
30.048	7
30.056	1
30.064	2
30.072	1
30.08	1
30.088	3
30.096	1
30.104	5
30.112	7
30.12	4
30.128	3
30.136	2
30.144	4
30.152	3
30.16	4
30.168	4
30.176	3
30.184	5
30.192	2
30.2	3
30.208	2
30.216	4
30.224	3
30.232	1
30.24	6
30.248	2
30.256	4
30.264	2
30.272	3
30.28	3
30.288	4
30.296	2
30.304	0
30.312	3
30.32	4
30.328	1
30.336	2
30.344	4
30.352	7
30.36	0
30.368	4
30.376	2
30.384	5
30.392	2
30.4	3
30.408	1
30.416	1
30.424	3
30.432	5
30.44	3
30.448	5
30.456	4
30.464	2
30.472	4
30.48	3
30.488	3
30.496	2
30.504	4
30.512	2
30.52	3
30.528	0
30.536	4
30.544	4
30.552	4
30.56	5
30.568	4
30.576	1
30.584	2
30.592	2
30.6	0
30.608	1
30.616	8
30.624	5
30.632	1
30.64	1
30.648	0
30.656	5
30.664	3
30.672	6
30.68	3
30.688	1
30.696	6
30.704	2
30.712	2
30.72	5
30.728	1
30.736	0
30.744	4
30.752	3
30.76	3
30.768	2
30.776	8
30.784	1
30.792	4
30.8	8
30.808	1
30.816	3
30.824	4
30.832	7
30.84	3
30.848	3
30.856	3
30.864	9
30.872	3
30.88	2
30.888	3
30.896	4
30.904	4
30.912	3
30.92	4
30.928	4
30.936	5
30.944	5
30.952	2
30.96	4
30.968	5
30.976	2
30.984	1
30.992	5
31	3
31.008	4
31.016	9
31.024	3
31.032	3
31.04	4
31.048	3
31.056	1
31.064	4
31.072	4
31.08	5
31.088	6
31.096	4
31.104	0
31.112	4
31.12	1
31.128	3
31.136	6
31.144	3
31.152	6
31.16	4
31.168	5
31.176	3
31.184	2
31.192	7
31.2	5
31.208	10
31.216	2
31.224	2
31.232	7
31.24	4
31.248	3
31.256	3
31.264	2
31.272	3
31.28	2
31.288	3
31.296	3
31.304	3
31.312	4
31.32	0
31.328	3
31.336	4
31.344	5
31.352	3
31.36	4
31.368	3
31.376	1
31.384	4
31.392	3
31.4	2
31.408	4
31.416	0
31.424	4
31.432	1
31.44	5
31.448	3
31.456	2
31.464	2
31.472	4
31.48	6
31.488	3
31.496	5
31.504	5
31.512	2
31.52	2
31.528	3
31.536	4
31.544	3
31.552	4
31.56	4
31.568	1
31.576	2
31.584	1
31.592	5
31.6	1
31.608	1
31.616	1
31.624	4
31.632	1
31.64	3
31.648	0
31.656	2
31.664	3
31.672	5
31.68	3
31.688	2
31.696	3
31.704	1
31.712	4
31.72	3
31.728	8
31.736	5
31.744	1
31.752	4
31.76	4
31.768	4
31.776	3
31.784	0
31.792	5
31.8	4
31.808	5
31.816	2
31.824	3
31.832	2
31.84	4
31.848	2
31.856	1
31.864	4
31.872	1
31.88	3
31.888	5
31.896	3
31.904	2
31.912	1
31.92	2
31.928	3
31.936	3
31.944	4
31.952	3
31.96	1
31.968	4
31.976	3
31.984	6
31.992	4
32	4
32.008	3
32.016	2
32.024	3
32.032	1
32.04	2
32.048	2
32.056	4
32.064	2
32.072	0
32.08	5
32.088	3
32.096	6
32.104	0
32.112	3
32.12	0
32.128	5
32.136	3
32.144	4
32.152	2
32.16	5
32.168	3
32.176	4
32.184	4
32.192	5
32.2	2
32.208	1
32.216	1
32.224	5
32.232	3
32.24	0
32.248	2
32.256	1
32.264	3
32.272	0
32.28	2
32.288	3
32.296	2
32.304	2
32.312	2
32.32	5
32.328	7
32.336	5
32.344	5
32.352	4
32.36	1
32.368	3
32.376	8
32.384	5
32.392	2
32.4	5
32.408	2
32.416	2
32.424	2
32.432	4
32.44	7
32.448	5
32.456	1
32.464	2
32.472	5
32.48	3
32.488	3
32.496	4
32.504	0
32.512	4
32.52	3
32.528	0
32.536	5
32.544	3
32.552	2
32.56	2
32.568	6
32.576	3
32.584	7
32.592	2
32.6	4
32.608	6
32.616	5
32.624	5
32.632	0
32.64	3
32.648	1
32.656	4
32.664	2
32.672	3
32.68	7
32.688	5
32.696	2
32.704	3
32.712	6
32.72	9
32.728	4
32.736	4
32.744	3
32.752	5
32.76	8
32.768	2
32.776	3
32.784	1
32.792	1
32.8	6
32.808	5
32.816	3
32.824	5
32.832	3
32.84	2
32.848	0
32.856	1
32.864	0
32.872	0
32.88	5
32.888	2
32.896	1
32.904	2
32.912	2
32.92	4
32.928	3
32.936	1
32.944	2
32.952	3
32.96	4
32.968	3
32.976	1
32.984	3
32.992	4
33	2
33.008	3
33.016	2
33.024	4
33.032	1
33.04	3
33.048	4
33.056	1
33.064	7
33.072	5
33.08	6
33.088	3
33.096	2
33.104	2
33.112	3
33.12	1
33.128	1
33.136	0
33.144	6
33.152	3
33.16	4
33.168	2
33.176	8
33.184	0
33.192	1
33.2	2
33.208	3
33.216	5
33.224	3
33.232	2
33.24	2
33.248	3
33.256	3
33.264	4
33.272	5
33.28	0
33.288	3
33.296	3
33.304	2
33.312	2
33.32	1
33.328	5
33.336	4
33.344	4
33.352	2
33.36	2
33.368	3
33.376	3
33.384	3
33.392	5
33.4	4
33.408	2
33.416	6
33.424	2
33.432	3
33.44	4
33.448	2
33.456	4
33.464	1
33.472	1
33.48	4
33.488	5
33.496	4
33.504	4
33.512	1
33.52	3
33.528	2
33.536	3
33.544	5
33.552	1
33.56	4
33.568	3
33.576	2
33.584	5
33.592	5
33.6	4
33.608	2
33.616	3
33.624	0
33.632	3
33.64	1
33.648	0
33.656	2
33.664	3
33.672	2
33.68	2
33.688	2
33.696	6
33.704	4
33.712	4
33.72	3
33.728	4
33.736	5
33.744	6
33.752	3
33.76	4
33.768	4
33.776	4
33.784	1
33.792	5
33.8	2
33.808	5
33.816	3
33.824	4
33.832	3
33.84	5
33.848	4
33.856	3
33.864	4
33.872	2
33.88	7
33.888	4
33.896	4
33.904	2
33.912	3
33.92	0
33.928	4
33.936	2
33.944	4
33.952	0
33.96	7
33.968	3
33.976	2
33.984	3
33.992	4
34	2
34.008	1
34.016	2
34.024	6
34.032	3
34.04	3
34.048	4
34.056	1
34.064	6
34.072	3
34.08	1
34.088	5
34.096	3
34.104	1
34.112	1
34.12	3
34.128	8
34.136	4
34.144	1
34.152	2
34.16	3
34.168	2
34.176	5
34.184	4
34.192	2
34.2	4
34.208	7
34.216	3
34.224	3
34.232	4
34.24	4
34.248	3
34.256	2
34.264	3
34.272	4
34.28	6
34.288	2
34.296	5
34.304	2
34.312	5
34.32	2
34.328	3
34.336	3
34.344	4
34.352	3
34.36	3
34.368	1
34.376	7
34.384	2
34.392	8
34.4	2
34.408	0
34.416	4
34.424	7
34.432	2
34.44	2
34.448	1
34.456	2
34.464	1
34.472	2
34.48	2
34.488	5
34.496	4
34.504	5
34.512	2
34.52	0
34.528	6
34.536	3
34.544	1
34.552	5
34.56	5
34.568	3
34.576	4
34.584	4
34.592	4
34.6	3
34.608	2
34.616	5
34.624	1
34.632	6
34.64	3
34.648	3
34.656	1
34.664	1
34.672	2
34.68	8
34.688	1
34.696	5
34.704	3
34.712	1
34.72	4
34.728	1
34.736	4
34.744	2
34.752	4
34.76	4
34.768	4
34.776	5
34.784	6
34.792	6
34.8	4
34.808	5
34.816	2
34.824	5
34.832	5
34.84	4
34.848	1
34.856	1
34.864	3
34.872	1
34.88	4
34.888	4
34.896	2
34.904	3
34.912	7
34.92	5
34.928	3
34.936	1
34.944	3
34.952	2
34.96	3
34.968	1
34.976	4
34.984	1
34.992	2
35	1
35.008	6
35.016	7
35.024	3
35.032	2
35.04	4
35.048	5
35.056	2
35.064	4
35.072	3
35.08	2
35.088	2
35.096	2
35.104	0
35.112	6
35.12	5
35.128	1
35.136	3
35.144	2
35.152	6
35.16	4
35.168	3
35.176	7
35.184	5
35.192	5
35.2	1
35.208	6
35.216	3
35.224	5
35.232	6
35.24	5
35.248	3
35.256	3
35.264	2
35.272	2
35.28	4
35.288	4
35.296	5
35.304	1
35.312	3
35.32	0
35.328	1
35.336	5
35.344	2
35.352	4
35.36	0
35.368	4
35.376	7
35.384	3
35.392	2
35.4	6
35.408	2
35.416	2
35.424	1
35.432	2
35.44	2
35.448	3
35.456	6
35.464	2
35.472	0
35.48	3
35.488	5
35.496	2
35.504	1
35.512	2
35.52	2
35.528	2
35.536	5
35.544	2
35.552	5
35.56	4
35.568	1
35.576	0
35.584	2
35.592	3
35.6	2
35.608	3
35.616	4
35.624	2
35.632	6
35.64	2
35.648	3
35.656	3
35.664	1
35.672	5
35.68	6
35.688	2
35.696	1
35.704	1
35.712	2
35.72	2
35.728	3
35.736	5
35.744	4
35.752	4
35.76	3
35.768	1
35.776	5
35.784	0
35.792	2
35.8	1
35.808	3
35.816	4
35.824	5
35.832	2
35.84	1
35.848	2
35.856	0
35.864	1
35.872	1
35.88	5
35.888	3
35.896	2
35.904	7
35.912	1
35.92	4
35.928	4
35.936	3
35.944	2
35.952	6
35.96	5
35.968	7
35.976	3
35.984	2
35.992	5
36	5
36.008	3
36.016	3
36.024	3
36.032	3
36.04	1
36.048	2
36.056	3
36.064	0
36.072	6
36.08	1
36.088	10
36.096	2
36.104	5
36.112	4
36.12	4
36.128	3
36.136	2
36.144	3
36.152	2
36.16	4
36.168	0
36.176	1
36.184	3
36.192	6
36.2	4
36.208	5
36.216	7
36.224	3
36.232	5
36.24	2
36.248	3
36.256	4
36.264	5
36.272	1
36.28	1
36.288	1
36.296	1
36.304	4
36.312	2
36.32	4
36.328	3
36.336	5
36.344	3
36.352	1
36.36	1
36.368	4
36.376	2
36.384	5
36.392	1
36.4	3
36.408	1
36.416	2
36.424	3
36.432	6
36.44	2
36.448	0
36.456	5
36.464	5
36.472	1
36.48	2
36.488	1
36.496	2
36.504	1
36.512	1
36.52	8
36.528	3
36.536	1
36.544	0
36.552	1
36.56	2
36.568	2
36.576	3
36.584	1
36.592	1
36.6	2
36.608	2
36.616	3
36.624	3
36.632	4
36.64	4
36.648	3
36.656	1
36.664	6
36.672	1
36.68	4
36.688	4
36.696	2
36.704	2
36.712	3
36.72	0
36.728	3
36.736	4
36.744	1
36.752	3
36.76	2
36.768	1
36.776	1
36.784	0
36.792	5
36.8	5
36.808	5
36.816	2
36.824	6
36.832	1
36.84	3
36.848	5
36.856	2
36.864	7
36.872	3
36.88	3
36.888	1
36.896	4
36.904	2
36.912	3
36.92	2
36.928	3
36.936	5
36.944	5
36.952	4
36.96	2
36.968	0
36.976	4
36.984	4
36.992	4
37	3
37.008	2
37.016	8
37.024	2
37.032	4
37.04	2
37.048	2
37.056	3
37.064	1
37.072	3
37.08	5
37.088	2
37.096	3
37.104	0
37.112	5
37.12	1
37.128	2
37.136	2
37.144	2
37.152	4
37.16	3
37.168	2
37.176	5
37.184	4
37.192	3
37.2	2
37.208	5
37.216	2
37.224	1
37.232	3
37.24	0
37.248	1
37.256	1
37.264	2
37.272	2
37.28	3
37.288	5
37.296	2
37.304	5
37.312	2
37.32	3
37.328	1
37.336	4
37.344	1
37.352	3
37.36	1
37.368	6
37.376	5
37.384	6
37.392	2
37.4	1
37.408	2
37.416	4
37.424	5
37.432	7
37.44	5
37.448	2
37.456	1
37.464	3
37.472	5
37.48	2
37.488	3
37.496	0
37.504	2
37.512	2
37.52	4
37.528	2
37.536	2
37.544	2
37.552	1
37.56	6
37.568	6
37.576	3
37.584	0
37.592	2
37.6	3
37.608	2
37.616	1
37.624	5
37.632	5
37.64	2
37.648	6
37.656	3
37.664	3
37.672	2
37.68	3
37.688	3
37.696	5
37.704	4
37.712	2
37.72	2
37.728	4
37.736	1
37.744	1
37.752	3
37.76	3
37.768	2
37.776	5
37.784	2
37.792	2
37.8	4
37.808	4
37.816	7
37.824	6
37.832	3
37.84	4
37.848	2
37.856	2
37.864	2
37.872	6
37.88	6
37.888	1
37.896	2
37.904	5
37.912	2
37.92	1
37.928	4
37.936	7
37.944	2
37.952	4
37.96	4
37.968	2
37.976	3
37.984	1
37.992	1
38	2
38.008	6
38.016	3
38.024	2
38.032	2
38.04	1
38.048	3
38.056	1
38.064	3
38.072	3
38.08	1
38.088	2
38.096	3
38.104	5
38.112	5
38.12	5
38.128	2
38.136	0
38.144	5
38.152	3
38.16	2
38.168	1
38.176	3
38.184	4
38.192	4
38.2	5
38.208	2
38.216	4
38.224	5
38.232	4
38.24	4
38.248	3
38.256	5
38.264	3
38.272	2
38.28	1
38.288	7
38.296	4
38.304	4
38.312	2
38.32	5
38.328	5
38.336	1
38.344	2
38.352	3
38.36	1
38.368	1
38.376	5
38.384	3
38.392	3
38.4	3
38.408	2
38.416	2
38.424	4
38.432	3
38.44	1
38.448	3
38.456	3
38.464	2
38.472	3
38.48	4
38.488	4
38.496	2
38.504	2
38.512	2
38.52	2
38.528	1
38.536	4
38.544	5
38.552	3
38.56	4
38.568	4
38.576	3
38.584	2
38.592	2
38.6	3
38.608	4
38.616	4
38.624	0
38.632	1
38.64	4
38.648	8
38.656	2
38.664	1
38.672	2
38.68	2
38.688	3
38.696	1
38.704	3
38.712	5
38.72	3
38.728	2
38.736	7
38.744	4
38.752	3
38.76	6
38.768	2
38.776	2
38.784	3
38.792	2
38.8	2
38.808	7
38.816	4
38.824	2
38.832	2
38.84	5
38.848	1
38.856	3
38.864	2
38.872	6
38.88	1
38.888	2
38.896	4
38.904	6
38.912	3
38.92	4
38.928	3
38.936	2
38.944	2
38.952	5
38.96	4
38.968	3
38.976	4
38.984	5
38.992	6
39	4
39.008	6
39.016	3
39.024	2
39.032	5
39.04	5
39.048	4
39.056	2
39.064	5
39.072	5
39.08	3
39.088	1
39.096	2
39.104	6
39.112	2
39.12	2
39.128	3
39.136	5
39.144	2
39.152	5
39.16	3
39.168	2
39.176	3
39.184	1
39.192	3
39.2	6
39.208	3
39.216	4
39.224	5
39.232	1
39.24	0
39.248	6
39.256	2
39.264	1
39.272	4
39.28	3
39.288	5
39.296	3
39.304	3
39.312	7
39.32	4
39.328	1
39.336	2
39.344	5
39.352	2
39.36	3
39.368	2
39.376	4
39.384	4
39.392	2
39.4	5
39.408	8
39.416	1
39.424	5
39.432	6
39.44	5
39.448	4
39.456	2
39.464	2
39.472	3
39.48	5
39.488	5
39.496	3
39.504	3
39.512	3
39.52	3
39.528	0
39.536	7
39.544	2
39.552	4
39.56	0
39.568	0
39.576	1
39.584	0
39.592	2
39.6	2
39.608	6
39.616	2
39.624	4
39.632	3
39.64	3
39.648	3
39.656	6
39.664	3
39.672	4
39.68	4
39.688	4
39.696	1
39.704	4
39.712	4
39.72	3
39.728	0
39.736	5
39.744	8
39.752	7
39.76	7
39.768	0
39.776	3
39.784	2
39.792	4
39.8	4
39.808	3
39.816	2
39.824	3
39.832	2
39.84	5
39.848	4
39.856	4
39.864	2
39.872	1
39.88	6
39.888	2
39.896	3
39.904	5
39.912	3
39.92	4
39.928	0
39.936	5
39.944	2
39.952	0
39.96	4
39.968	2
39.976	3
39.984	2
39.992	1
40	3
40.008	2
40.016	4
40.024	1
40.032	1
40.04	3
40.048	4
40.056	4
40.064	2
40.072	1
40.08	3
40.088	4
40.096	0
40.104	1
40.112	2
40.12	7
40.128	3
40.136	5
40.144	5
40.152	3
40.16	1
40.168	1
40.176	4
40.184	4
40.192	6
40.2	2
40.208	1
40.216	4
40.224	5
40.232	3
40.24	4
40.248	0
40.256	1
40.264	3
40.272	2
40.28	4
40.288	1
40.296	0
40.304	5
40.312	3
40.32	1
40.328	8
40.336	1
40.344	6
40.352	1
40.36	2
40.368	1
40.376	3
40.384	6
40.392	2
40.4	4
40.408	4
40.416	3
40.424	4
40.432	4
40.44	4
40.448	1
40.456	1
40.464	4
40.472	5
40.48	1
40.488	2
40.496	2
40.504	0
40.512	0
40.52	2
40.528	4
40.536	9
40.544	1
40.552	3
40.56	3
40.568	4
40.576	3
40.584	2
40.592	4
40.6	2
40.608	5
40.616	4
40.624	1
40.632	4
40.64	3
40.648	6
40.656	4
40.664	3
40.672	1
40.68	5
40.688	5
40.696	1
40.704	4
40.712	3
40.72	7
40.728	5
40.736	2
40.744	2
40.752	1
40.76	2
40.768	2
40.776	2
40.784	3
40.792	4
40.8	4
40.808	1
40.816	3
40.824	7
40.832	3
40.84	2
40.848	2
40.856	1
40.864	2
40.872	2
40.88	4
40.888	8
40.896	2
40.904	1
40.912	3
40.92	3
40.928	2
40.936	3
40.944	5
40.952	1
40.96	2
40.968	4
40.976	4
40.984	1
40.992	2
41	2
41.008	3
41.016	3
41.024	2
41.032	4
41.04	5
41.048	2
41.056	2
41.064	2
41.072	0
41.08	1
41.088	2
41.096	0
41.104	3
41.112	1
41.12	7
41.128	4
41.136	2
41.144	2
41.152	3
41.16	5
41.168	1
41.176	4
41.184	2
41.192	5
41.2	2
41.208	2
41.216	3
41.224	3
41.232	2
41.24	3
41.248	2
41.256	3
41.264	5
41.272	3
41.28	4
41.288	2
41.296	3
41.304	2
41.312	3
41.32	6
41.328	2
41.336	1
41.344	4
41.352	3
41.36	2
41.368	3
41.376	2
41.384	5
41.392	1
41.4	3
41.408	4
41.416	6
41.424	0
41.432	2
41.44	2
41.448	1
41.456	3
41.464	5
41.472	2
41.48	5
41.488	1
41.496	3
41.504	1
41.512	4
41.52	2
41.528	1
41.536	6
41.544	3
41.552	3
41.56	8
41.568	4
41.576	2
41.584	1
41.592	1
41.6	4
41.608	4
41.616	4
41.624	3
41.632	4
41.64	4
41.648	3
41.656	4
41.664	0
41.672	2
41.68	3
41.688	2
41.696	5
41.704	2
41.712	1
41.72	2
41.728	1
41.736	3
41.744	1
41.752	2
41.76	4
41.768	1
41.776	4
41.784	3
41.792	3
41.8	1
41.808	2
41.816	3
41.824	3
41.832	2
41.84	4
41.848	5
41.856	3
41.864	2
41.872	3
41.88	3
41.888	1
41.896	1
41.904	2
41.912	3
41.92	2
41.928	2
41.936	4
41.944	5
41.952	4
41.96	3
41.968	3
41.976	2
41.984	6
41.992	1
42	4
42.008	5
42.016	3
42.024	1
42.032	2
42.04	1
42.048	4
42.056	4
42.064	5
42.072	2
42.08	4
42.088	9
42.096	1
42.104	0
42.112	7
42.12	3
42.128	1
42.136	8
42.144	4
42.152	4
42.16	4
42.168	2
42.176	3
42.184	2
42.192	3
42.2	1
42.208	2
42.216	3
42.224	3
42.232	3
42.24	0
42.248	2
42.256	2
42.264	1
42.272	3
42.28	3
42.288	2
42.296	1
42.304	4
42.312	5
42.32	1
42.328	3
42.336	2
42.344	1
42.352	4
42.36	2
42.368	3
42.376	0
42.384	3
42.392	5
42.4	5
42.408	5
42.416	4
42.424	1
42.432	3
42.44	5
42.448	2
42.456	5
42.464	2
42.472	1
42.48	3
42.488	1
42.496	0
42.504	5
42.512	4
42.52	2
42.528	3
42.536	1
42.544	0
42.552	2
42.56	3
42.568	4
42.576	1
42.584	3
42.592	3
42.6	2
42.608	2
42.616	0
42.624	2
42.632	3
42.64	7
42.648	4
42.656	2
42.664	5
42.672	5
42.68	5
42.688	3
42.696	1
42.704	1
42.712	6
42.72	3
42.728	5
42.736	3
42.744	5
42.752	1
42.76	5
42.768	7
42.776	1
42.784	6
42.792	2
42.8	3
42.808	6
42.816	6
42.824	5
42.832	2
42.84	3
42.848	2
42.856	3
42.864	6
42.872	3
42.88	0
42.888	2
42.896	1
42.904	3
42.912	2
42.92	6
42.928	3
42.936	5
42.944	6
42.952	5
42.96	2
42.968	0
42.976	3
42.984	3
42.992	3
43	3
43.008	4
43.016	3
43.024	3
43.032	5
43.04	4
43.048	5
43.056	0
43.064	1
43.072	2
43.08	4
43.088	1
43.096	5
43.104	3
43.112	4
43.12	3
43.128	3
43.136	5
43.144	3
43.152	3
43.16	4
43.168	8
43.176	2
43.184	4
43.192	2
43.2	3
43.208	5
43.216	1
43.224	2
43.232	1
43.24	5
43.248	1
43.256	0
43.264	3
43.272	3
43.28	4
43.288	3
43.296	1
43.304	2
43.312	3
43.32	4
43.328	2
43.336	2
43.344	1
43.352	4
43.36	2
43.368	1
43.376	4
43.384	3
43.392	4
43.4	2
43.408	1
43.416	7
43.424	5
43.432	4
43.44	2
43.448	3
43.456	3
43.464	2
43.472	2
43.48	2
43.488	4
43.496	5
43.504	1
43.512	3
43.52	4
43.528	3
43.536	4
43.544	1
43.552	2
43.56	0
43.568	4
43.576	2
43.584	2
43.592	2
43.6	2
43.608	1
43.616	7
43.624	5
43.632	4
43.64	5
43.648	6
43.656	8
43.664	2
43.672	3
43.68	2
43.688	6
43.696	5
43.704	2
43.712	3
43.72	1
43.728	4
43.736	6
43.744	3
43.752	2
43.76	6
43.768	3
43.776	7
43.784	5
43.792	3
43.8	1
43.808	3
43.816	2
43.824	6
43.832	5
43.84	1
43.848	3
43.856	5
43.864	2
43.872	3
43.88	3
43.888	0
43.896	6
43.904	2
43.912	4
43.92	7
43.928	0
43.936	2
43.944	1
43.952	3
43.96	1
43.968	4
43.976	5
43.984	3
43.992	2
44	2
44.008	2
44.016	4
44.024	1
44.032	3
44.04	0
44.048	6
44.056	1
44.064	2
44.072	3
44.08	3
44.088	3
44.096	0
44.104	4
44.112	4
44.12	3
44.128	2
44.136	3
44.144	2
44.152	2
44.16	2
44.168	3
44.176	1
44.184	1
44.192	4
44.2	3
44.208	4
44.216	7
44.224	6
44.232	3
44.24	1
44.248	0
44.256	1
44.264	6
44.272	3
44.28	6
44.288	4
44.296	3
44.304	4
44.312	5
44.32	3
44.328	1
44.336	4
44.344	0
44.352	4
44.36	5
44.368	1
44.376	5
44.384	6
44.392	6
44.4	2
44.408	3
44.416	3
44.424	1
44.432	2
44.44	5
44.448	3
44.456	3
44.464	4
44.472	2
44.48	7
44.488	3
44.496	2
44.504	2
44.512	3
44.52	1
44.528	5
44.536	7
44.544	4
44.552	2
44.56	1
44.568	6
44.576	4
44.584	4
44.592	1
44.6	2
44.608	2
44.616	5
44.624	4
44.632	2
44.64	4
44.648	3
44.656	4
44.664	1
44.672	3
44.68	3
44.688	4
44.696	2
44.704	2
44.712	6
44.72	4
44.728	3
44.736	0
44.744	4
44.752	5
44.76	4
44.768	5
44.776	3
44.784	5
44.792	5
44.8	1
44.808	3
44.816	2
44.824	5
44.832	3
44.84	3
44.848	3
44.856	2
44.864	3
44.872	5
44.88	2
44.888	0
44.896	1
44.904	5
44.912	2
44.92	3
44.928	4
44.936	4
44.944	3
44.952	1
44.96	3
44.968	3
44.976	4
44.984	4
44.992	2
45	6
45.008	4
45.016	3
45.024	1
45.032	2
45.04	2
45.048	4
45.056	1
45.064	2
45.072	7
45.08	5
45.088	3
45.096	4
45.104	3
45.112	7
45.12	3
45.128	4
45.136	5
45.144	4
45.152	1
45.16	6
45.168	3
45.176	2
45.184	1
45.192	3
45.2	2
45.208	3
45.216	5
45.224	5
45.232	1
45.24	6
45.248	6
45.256	7
45.264	4
45.272	1
45.28	3
45.288	5
45.296	1
45.304	2
45.312	2
45.32	5
45.328	5
45.336	2
45.344	3
45.352	2
45.36	4
45.368	5
45.376	2
45.384	3
45.392	4
45.4	6
45.408	4
45.416	4
45.424	6
45.432	5
45.44	4
45.448	3
45.456	1
45.464	3
45.472	3
45.48	2
45.488	1
45.496	3
45.504	5
45.512	3
45.52	3
45.528	4
45.536	2
45.544	0
45.552	2
45.56	2
45.568	5
45.576	3
45.584	1
45.592	3
45.6	4
45.608	2
45.616	5
45.624	7
45.632	1
45.64	1
45.648	4
45.656	5
45.664	1
45.672	2
45.68	3
45.688	2
45.696	4
45.704	3
45.712	3
45.72	0
45.728	3
45.736	2
45.744	2
45.752	3
45.76	4
45.768	3
45.776	2
45.784	4
45.792	2
45.8	5
45.808	2
45.816	3
45.824	4
45.832	3
45.84	8
45.848	2
45.856	1
45.864	3
45.872	1
45.88	6
45.888	4
45.896	2
45.904	6
45.912	2
45.92	3
45.928	1
45.936	5
45.944	2
45.952	1
45.96	4
45.968	0
45.976	2
45.984	5
45.992	3
46	7
46.008	3
46.016	7
46.024	4
46.032	5
46.04	5
46.048	4
46.056	3
46.064	3
46.072	4
46.08	3
46.088	4
46.096	3
46.104	4
46.112	5
46.12	2
46.128	2
46.136	1
46.144	3
46.152	1
46.16	3
46.168	3
46.176	6
46.184	3
46.192	3
46.2	2
46.208	2
46.216	1
46.224	4
46.232	2
46.24	2
46.248	1
46.256	4
46.264	2
46.272	0
46.28	3
46.288	3
46.296	4
46.304	4
46.312	4
46.32	6
46.328	4
46.336	5
46.344	3
46.352	4
46.36	3
46.368	0
46.376	4
46.384	2
46.392	5
46.4	3
46.408	1
46.416	2
46.424	3
46.432	1
46.44	3
46.448	2
46.456	5
46.464	1
46.472	2
46.48	2
46.488	4
46.496	2
46.504	1
46.512	6
46.52	3
46.528	2
46.536	4
46.544	2
46.552	3
46.56	2
46.568	1
46.576	2
46.584	3
46.592	5
46.6	5
46.608	4
46.616	2
46.624	2
46.632	1
46.64	4
46.648	2
46.656	5
46.664	0
46.672	1
46.68	0
46.688	2
46.696	4
46.704	6
46.712	1
46.72	6
46.728	3
46.736	2
46.744	3
46.752	3
46.76	5
46.768	3
46.776	3
46.784	1
46.792	3
46.8	2
46.808	1
46.816	1
46.824	4
46.832	4
46.84	6
46.848	2
46.856	5
46.864	3
46.872	5
46.88	3
46.888	6
46.896	5
46.904	4
46.912	3
46.92	6
46.928	2
46.936	6
46.944	1
46.952	2
46.96	2
46.968	3
46.976	3
46.984	2
46.992	6
47	4
47.008	6
47.016	5
47.024	4
47.032	3
47.04	5
47.048	1
47.056	1
47.064	5
47.072	2
47.08	2
47.088	6
47.096	1
47.104	1
47.112	6
47.12	4
47.128	2
47.136	3
47.144	5
47.152	4
47.16	4
47.168	3
47.176	2
47.184	3
47.192	6
47.2	5
47.208	1
47.216	5
47.224	2
47.232	3
47.24	4
47.248	3
47.256	6
47.264	3
47.272	2
47.28	5
47.288	3
47.296	3
47.304	5
47.312	4
47.32	4
47.328	2
47.336	5
47.344	2
47.352	6
47.36	2
47.368	7
47.376	1
47.384	2
47.392	0
47.4	3
47.408	6
47.416	3
47.424	3
47.432	2
47.44	7
47.448	4
47.456	4
47.464	2
47.472	2
47.48	2
47.488	5
47.496	2
47.504	3
47.512	2
47.52	4
47.528	2
47.536	3
47.544	3
47.552	5
47.56	4
47.568	2
47.576	3
47.584	2
47.592	5
47.6	5
47.608	5
47.616	3
47.624	2
47.632	4
47.64	3
47.648	2
47.656	4
47.664	5
47.672	3
47.68	1
47.688	2
47.696	6
47.704	2
47.712	5
47.72	1
47.728	3
47.736	7
47.744	2
47.752	5
47.76	2
47.768	4
47.776	3
47.784	1
47.792	3
47.8	4
47.808	3
47.816	2
47.824	3
47.832	0
47.84	4
47.848	2
47.856	5
47.864	5
47.872	4
47.88	3
47.888	2
47.896	4
47.904	1
47.912	6
47.92	2
47.928	2
47.936	8
47.944	7
47.952	5
47.96	5
47.968	5
47.976	1
47.984	6
47.992	2
48	5
48.008	2
48.016	4
48.024	0
48.032	3
48.04	2
48.048	4
48.056	4
48.064	1
48.072	2
48.08	5
48.088	1
48.096	3
48.104	2
48.112	3
48.12	6
48.128	2
48.136	2
48.144	3
48.152	5
48.16	2
48.168	3
48.176	6
48.184	2
48.192	5
48.2	4
48.208	4
48.216	1
48.224	3
48.232	5
48.24	3
48.248	1
48.256	4
48.264	5
48.272	3
48.28	4
48.288	3
48.296	2
48.304	1
48.312	2
48.32	4
48.328	2
48.336	4
48.344	3
48.352	2
48.36	2
48.368	7
48.376	3
48.384	5
48.392	4
48.4	2
48.408	3
48.416	2
48.424	3
48.432	5
48.44	5
48.448	3
48.456	3
48.464	1
48.472	5
48.48	4
48.488	4
48.496	3
48.504	3
48.512	7
48.52	4
48.528	4
48.536	2
48.544	1
48.552	4
48.56	3
48.568	3
48.576	5
48.584	5
48.592	3
48.6	4
48.608	3
48.616	2
48.624	2
48.632	1
48.64	3
48.648	4
48.656	3
48.664	1
48.672	4
48.68	4
48.688	5
48.696	2
48.704	1
48.712	6
48.72	2
48.728	2
48.736	4
48.744	1
48.752	3
48.76	1
48.768	4
48.776	0
48.784	2
48.792	1
48.8	3
48.808	2
48.816	2
48.824	3
48.832	3
48.84	6
48.848	6
48.856	2
48.864	8
48.872	3
48.88	3
48.888	7
48.896	2
48.904	2
48.912	4
48.92	0
48.928	4
48.936	5
48.944	2
48.952	2
48.96	2
48.968	3
48.976	2
48.984	4
48.992	3
49	4
49.008	2
49.016	4
49.024	2
49.032	3
49.04	4
49.048	3
49.056	3
49.064	6
49.072	2
49.08	3
49.088	4
49.096	3
49.104	4
49.112	3
49.12	5
49.128	2
49.136	1
49.144	0
49.152	2
49.16	3
49.168	5
49.176	4
49.184	2
49.192	2
49.2	3
49.208	5
49.216	3
49.224	4
49.232	3
49.24	4
49.248	2
49.256	2
49.264	2
49.272	3
49.28	3
49.288	2
49.296	4
49.304	3
49.312	3
49.32	0
49.328	5
49.336	1
49.344	3
49.352	0
49.36	1
49.368	4
49.376	4
49.384	6
49.392	7
49.4	5
49.408	1
49.416	0
49.424	4
49.432	4
49.44	1
49.448	6
49.456	1
49.464	2
49.472	2
49.48	4
49.488	4
49.496	2
49.504	1
49.512	4
49.52	2
49.528	6
49.536	1
49.544	1
49.552	2
49.56	5
49.568	4
49.576	3
49.584	3
49.592	2
49.6	6
49.608	7
49.616	4
49.624	2
49.632	2
49.64	3
49.648	4
49.656	4
49.664	7
49.672	6
49.68	3
49.688	5
49.696	3
49.704	5
49.712	2
49.72	0
49.728	0
49.736	4
49.744	8
49.752	2
49.76	2
49.768	4
49.776	7
49.784	1
49.792	4
49.8	5
49.808	2
49.816	3
49.824	3
49.832	4
49.84	2
49.848	1
49.856	3
49.864	1
49.872	5
49.88	4
49.888	3
49.896	2
49.904	5
49.912	1
49.92	4
49.928	3
49.936	3
49.944	5
49.952	3
49.96	5
49.968	3
49.976	8
49.984	4
49.992	2